X  Y  U1  U2  U3  U4  UG1  UG2  UG3  UG4
5  5  0  0  0  0  0  0  0  0
4.98865  4.9804  -10.5081  -10.0032  -9.7883  -9.43342  0.284112  -0.508221  -1.25606  -0.764741
4.96679  4.96374  -10.5081  -10.0032  -9.7883  -9.43342  0.284112  -0.508221  -1.25606  -0.764741
4.93544  4.95125  -10.5081  -10.0032  -9.7883  -9.43342  0.284112  -0.508221  -1.25606  -0.764741
4.89519  4.94348  -10.5081  -10.0032  -9.7883  -9.43342  0.284112  -0.508221  -1.25606  -0.764741
4.84768  4.93592  -10.5081  -10.0032  -9.7883  -9.43342  0.284112  -0.508221  -1.25606  -0.764741
4.79326  4.92835  -10.5081  -10.0032  -9.7883  -9.43342  0.284112  -0.508221  -1.25606  -0.764741
4.73202  4.92105  -10.5081  -10.0032  -9.7883  -9.43342  0.284112  -0.508221  -1.25606  -0.764741
4.66399  4.91437  -10.5081  -10.0032  -9.7883  -9.43342  0.284112  -0.508221  -1.25606  -0.764741
4.58916  4.90868  -10.5081  -10.0032  -9.7883  -9.43342  0.284112  -0.508221  -1.25606  -0.764741
4.50757  4.90442  -10.5081  -10.0032  -9.7883  -9.43342  0.284112  -0.508221  -1.25606  -0.764741
4.41921  4.90204  -10.5081  -10.0032  -9.7883  -9.43342  0.284112  -0.508221  -1.25606  -0.764741
4.32428  4.90209  -9.99804  -9.37539  -9.276  -10.3832  0.109169  -0.118519  -0.352056  -4.78811
4.22587  4.90297  -9.99804  -9.37539  -9.276  -10.3832  0.109169  -0.118519  -0.352056  -4.78811
4.1256  4.90506  -9.99804  -9.37539  -9.276  -10.3832  0.109169  -0.118519  -0.352056  -4.78811
4.02316  4.91088  -9.99804  -9.37539  -9.276  -10.3832  0.109169  -0.118519  -0.352056  -4.78811
3.91831  4.9141  -9.99804  -9.37539  -9.276  -10.3832  0.109169  -0.118519  -0.352056  -4.78811
3.80979  4.919  -9.99804  -9.37539  -9.276  -10.3832  0.109169  -0.118519  -0.352056  -4.78811
3.69771  4.92518  -9.99804  -9.37539  -9.276  -10.3832  0.109169  -0.118519  -0.352056  -4.78811
3.58191  4.93244  -9.99804  -9.37539  -9.276  -10.3832  0.109169  -0.118519  -0.352056  -4.78811
3.46229  4.94059  -9.99804  -9.37539  -9.276  -10.3832  0.109169  -0.118519  -0.352056  -4.78811
3.33876  4.94951  -9.99804  -9.37539  -9.276  -10.3832  0.109169  -0.118519  -0.352056  -4.78811
3.21128  4.95905  -9.99804  -9.37539  -9.276  -10.3832  0.109169  -0.118519  -0.352056  -4.78811
3.0804  4.9695  -9.57697  -8.03955  -9.38161  -8.36687  -0.494152  -0.783443  0.544846  1.33764
2.943  4.98209  -9.57697  -8.03955  -9.38161  -8.36687  -0.494152  -0.783443  0.544846  1.33764
2.7975  4.9958  -9.57697  -8.03955  -9.38161  -8.36687  -0.494152  -0.783443  0.544846  1.33764
2.64609  5.00498  -9.57697  -8.03955  -9.38161  -8.36687  -0.494152  -0.783443  0.544846  1.33764
2.4909  5.00861  -9.57697  -8.03955  -9.38161  -8.36687  -0.494152  -0.783443  0.544846  1.33764
2.33309  5.00602  -9.57697  -8.03955  -9.38161  -8.36687  -0.494152  -0.783443  0.544846  1.33764
2.1733  4.99655  -9.57697  -8.03955  -9.38161  -8.36687  -0.494152  -0.783443  0.544846  1.33764
2.01189  4.97956  -9.57697  -8.03955  -9.38161  -8.36687  -0.494152  -0.783443  0.544846  1.33764
1.84917  4.95433  -9.57697  -8.03955  -9.38161  -8.36687  -0.494152  -0.783443  0.544846  1.33764
1.68545  4.92013  -9.57697  -8.03955  -9.38161  -8.36687  -0.494152  -0.783443  0.544846  1.33764
1.52111  4.8762  -9.57697  -8.03955  -9.38161  -8.36687  -0.494152  -0.783443  0.544846  1.33764
1.3571  4.82174  -8.413  -8.07017  -8.67652  -7.95972  -0.00398135  1.17785  0.845445  1.20899
1.19354  4.75344  -8.413  -8.07017  -8.67652  -7.95972  -0.00398135  1.17785  0.845445  1.20899
1.03341  4.66645  -8.413  -8.07017  -8.67652  -7.95972  -0.00398135  1.17785  0.845445  1.20899
0.878572  4.56044  -8.413  -8.07017  -8.67652  -7.95972  -0.00398135  1.17785  0.845445  1.20899
0.730757  4.43523  -8.413  -8.07017  -8.67652  -7.95972  -0.00398135  1.17785  0.845445  1.20899
0.591523  4.29075  -8.413  -8.07017  -8.67652  -7.95972  -0.00398135  1.17785  0.845445  1.20899
0.456958  4.1327  -8.413  -8.07017  -8.67652  -7.95972  -0.00398135  1.17785  0.845445  1.20899
0.329339  3.96042  -8.413  -8.07017  -8.67652  -7.95972  -0.00398135  1.17785  0.845445  1.20899
0.209734  3.77401  -8.413  -8.07017  -8.67652  -7.95972  -0.00398135  1.17785  0.845445  1.20899
0.0994034  3.57359  -8.413  -8.07017  -8.67652  -7.95972  -0.00398135  1.17785  0.845445  1.20899
-0.000343987  3.35938  -8.413  -8.07017  -8.67652  -7.95972  -0.00398135  1.17785  0.845445  1.20899
-0.0902607  3.1293  -11.9073  -9.95176  -11.5457  -12.5877  1.35716  1.40762  1.27075  1.33935
-0.166985  2.88171  -11.9073  -9.95176  -11.5457  -12.5877  1.35716  1.40762  1.27075  1.33935
-0.227637  2.61672  -11.9073  -9.95176  -11.5457  -12.5877  1.35716  1.40762  1.27075  1.33935
-0.269701  2.33511  -11.9073  -9.95176  -11.5457  -12.5877  1.35716  1.40762  1.27075  1.33935
-0.288471  2.03743  -11.9073  -9.95176  -11.5457  -12.5877  1.35716  1.40762  1.27075  1.33935
-0.288766  1.72596  -11.9073  -9.95176  -11.5457  -12.5877  1.35716  1.40762  1.27075  1.33935
-0.271282  1.40175  -11.9073  -9.95176  -11.5457  -12.5877  1.35716  1.40762  1.27075  1.33935
-0.234777  1.06586  -11.9073  -9.95176  -11.5457  -12.5877  1.35716  1.40762  1.27075  1.33935
-0.178099  0.719432  -11.9073  -9.95176  -11.5457  -12.5877  1.35716  1.40762  1.27075  1.33935
-0.100172  0.363705  -11.9073  -9.95176  -11.5457  -12.5877  1.35716  1.40762  1.27075  1.33935
3.32228e-08  2.67256e-07  -11.9073  -9.95176  -11.5457  -12.5877  1.35716  1.40762  1.27075  1.33935
